-1   -1   -1   -1   -1   -1   -1   -1   -1   -1   -1   -1   -1   -1   -1   -1   -1   -1   -1   -1   -1   -1   -1   -1   -1   -1   -1   -1   -1   -1   -1   -1   -1   -1   -1   -1
-1   000  001  002  003  004  005  006  007  008  009  010  011  012  013  014  015  -1   -1   016  017  018  019  020  021  022  023  024  025  026  027  028  029  030  031  -1
-1   032  -1   -1   -1   -1   033  034  -1   -1   -1   -1   035  036  037  038  039  -1   -1   040  041  042  043  044  -1   -1   -1   -1   045  046  -1   -1   -1   -1   047  -1
-1   048  -1   -1   -1   -1   049  050  -1   -1   -1   -1   051  052  053  054  055  -1   -1   056  057  058  059  060  -1   -1   -1   -1   061  062  -1   -1   -1   -1   063  -1
-1   064  -1   -1   -1   -1   065  066  -1   -1   -1   -1   067  068  069  070  071  -1   -1   072  073  074  075  076  -1   -1   -1   -1   077  078  -1   -1   -1   -1   079  -1
-1   080  -1   -1   -1   -1   081  082  -1   -1   -1   -1   083  084  085  086  087  -1   -1   088  089  090  091  092  -1   -1   -1   -1   093  094  -1   -1   -1   -1   095  -1
-1   096  097  098  099  100  101  102  103  104  105  106  107  108  109  110  111  112  113  114  115  116  117  118  119  120  121  122  123  124  125  126  127  128  129  -1
-1   130  -1   -1   -1   -1   131  132  -1   -1   133  134  135  136  -1   -1   -1   -1   -1   -1   -1   -1   137  138  139  140  -1   -1   141  142  -1   -1   -1   -1   143  -1
-1   144  -1   -1   -1   -1   145  146  -1   -1   147  148  149  150  -1   -1   -1   -1   -1   -1   -1   -1   151  152  153  154  -1   -1   155  156  -1   -1   -1   -1   157  -1
-1   158  159  160  161  162  163  164  -1   -1   165  166  167  168  169  170  171  -1   -1   172  173  174  175  176  177  178  -1   -1   179  180  181  182  183  184  185  -1
-1   -1   -1   -1   -1   -1   186  187  -1   -1   -1   -1   -1   -1   188  189  190  -1   -1   191  192  193  -1   -1   -1   -1   -1   -1   194  195  -1   -1   -1   -1   -1   -1
-1   -1   -1   -1   -1   -1   196  197  -1   -1   -1   -1   -1   -1   198  199  200  -1   -1   201  202  203  -1   -1   -1   -1   -1   -1   204  205  -1   -1   -1   -1   -1   -1
-1   -1   -1   -1   -1   -1   206  207  -1   -1   208  209  210  211  212  213  214  215  216  217  218  219  220  221  222  223  -1   -1   224  225  -1   -1   -1   -1   -1   -1
-1   -1   -1   -1   -1   -1   226  227  -1   -1   228  229  230  231  232  233  234  235  236  237  238  239  240  241  242  243  -1   -1   244  245  -1   -1   -1   -1   -1   -1
-1   -1   -1   -1   -1   -1   246  247  -1   -1   248  249  250  251  -1   -1   -1   252  253  -1   -1   -1   254  255  256  257  -1   -1   258  259  -1   -1   -1   -1   -1   -1
-1   -1   -1   -1   -1   -1   260  261  -1   -1   262  263  264  265  -1   266  267  268  269  270  271  -1   272  273  274  275  -1   -1   276  277  -1   -1   -1   -1   -1   -1
278  279  280  281  282  283  284  285  286  287  288  289  290  291  -1   292  293  294  295  296  297  -1   298  299  300  301  302  303  304  305  306  307  308  309  310  311
-1   -1   -1   -1   -1   -1   312  313  -1   -1   314  315  316  317  -1   318  319  320  321  322  323  -1   324  325  326  327  -1   -1   328  329  -1   -1   -1   -1   -1   -1
-1   -1   -1   -1   -1   -1   330  331  -1   -1   332  333  334  335  -1   -1   -1   -1   -1   -1   -1   -1   336  337  338  339  -1   -1   340  341  -1   -1   -1   -1   -1   -1
-1   -1   -1   -1   -1   -1   342  343  -1   -1   344  345  346  347  348  349  350  351  352  353  354  355  356  357  358  359  -1   -1   360  361  -1   -1   -1   -1   -1   -1
-1   -1   -1   -1   -1   -1   362  363  -1   -1   364  365  366  367  -1   -1   -1   -1   -1   -1   -1   -1   368  369  370  371  -1   -1   372  373  -1   -1   -1   -1   -1   -1
-1   -1   -1   -1   -1   -1   374  375  -1   -1   376  377  378  379  -1   -1   -1   -1   -1   -1   -1   -1   380  381  382  383  -1   -1   384  385  -1   -1   -1   -1   -1   -1
-1   386  387  388  389  390  391  392  393  394  395  396  397  398  399  400  401  -1   -1   402  403  404  405  406  407  408  409  410  411  412  413  414  415  416  417  -1
-1   418  -1   -1   -1   -1   419  420  -1   -1   -1   -1   421  422  423  424  425  -1   -1   426  427  428  429  430  -1   -1   -1   -1   431  432  -1   -1   -1   -1   433  -1
-1   434  -1   -1   -1   -1   435  436  -1   -1   -1   -1   437  438  439  440  441  -1   -1   442  443  444  445  446  -1   -1   -1   -1   447  448  -1   -1   -1   -1   449  -1
-1   450  451  452  -1   -1   453  454  455  456  457  458  459  460  461  462  463  464  465  466  467  468  469  470  471  472  473  474  475  476  -1   -1   477  478  479  -1
-1   -1   -1   480  -1   -1   481  482  -1   -1   483  484  485  486  -1   -1   -1   -1   -1   -1   -1   -1   487  488  489  490  -1   -1   491  492  -1   -1   493  -1   -1   -1
-1   -1   -1   494  -1   -1   495  496  -1   -1   497  498  499  500  -1   -1   -1   -1   -1   -1   -1   -1   501  502  503  504  -1   -1   505  506  -1   -1   507  -1   -1   -1
-1   508  509  510  511  512  513  514  -1   -1   515  516  517  518  519  520  521  -1   -1   522  523  524  525  526  527  528  -1   -1   529  530  531  532  533  534  535  -1
-1   536  -1   -1   -1   -1   -1   -1   -1   -1   -1   -1   -1   537  538  539  540  -1   -1   541  542  543  544  -1   -1   -1   -1   -1   -1   -1   -1   -1   -1   -1   545  -1
-1   546  -1   -1   -1   -1   -1   -1   -1   -1   -1   -1   -1   547  548  549  550  -1   -1   551  552  553  554  -1   -1   -1   -1   -1   -1   -1   -1   -1   -1   -1   555  -1
-1   556  557  558  559  560  561  562  563  564  565  566  567  568  569  570  571  572  573  574  575  576  577  578  579  580  581  582  583  584  585  586  587  588  589  -1
-1   -1   -1   -1   -1   -1   -1   -1   -1   -1   -1   -1   -1   -1   -1   -1   -1   -1   -1   -1   -1   -1   -1   -1   -1   -1   -1   -1   -1   -1   -1   -1   -1   -1   -1   -1
