-1  -1  -1  -1  -1  -1  -1  -1  -1  -1  -1  -1  -1  -1  -1  -1  -1  -1  -1  -1 
-1  00  01  02  03  -1  04  05  06  07  08  09  10  11  -1  12  13  14  15  -1
-1  16  -1  -1  17  -1  18  -1  -1  -1  -1  -1  -1  19  -1  20  -1  -1  21  -1
-1  22  -1  23  24  25  26  27  28  29  30  31  32  33  34  35  36  -1  37  -1
-1  38  -1  39  -1  -1  40  -1  -1  41  42  -1  -1  43  -1  -1  44  -1  45  -1
-1  46  47  48  49  50  51  -1  52  53  54  55  -1  56  57  58  59  60  61  -1
-1  62  -1  63  -1  -1  64  -1  -1  65  66  -1  -1  67  -1  -1  68  -1  69  -1
-1  70  -1  71  72  73  74  75  76  77  78  79  80  81  82  83  84  -1  85  -1
-1  86  -1  -1  87  -1  88  -1  -1  -1  -1  -1  -1  89  -1  90  -1  -1  91  -1 
-1  92  93  94  95  -1  96  97  98  99  100 101 102 103 -1  104 105 106 107 -1
-1  -1  -1  -1  -1  -1  -1  -1  -1  -1  -1  -1  -1  -1  -1  -1  -1  -1  -1  -1 


